0 5
642 646 645
643 645 644
644 643 646
645 642 643
646 644 642
1 5
647 650 651
648 649 650
649 651 648
650 648 647
651 647 649
2 5
652 653 654
653 655 652
654 652 2052
655 2052 653
2052 654 655
3 5
656 658 657
657 656 659
658 2177 656
659 657 2177
2177 659 658
4 5
660 2204 2079
661 2079 662
662 661 2204
2079 660 661
2204 662 660
5 5
663 2302 2378
664 665 2302
665 2378 664
2302 664 663
2378 663 665
6 5
666 667 2106
667 2231 666
2106 666 2454
2231 2454 667
2454 2106 2231
7 5
668 2329 669
669 668 2405
2329 2481 668
2405 669 2481
2481 2405 2329
8 5
670 2482 2455
2131 2455 2354
2354 2131 2482
2455 670 2131
2482 2354 670
9 5
671 2508 2534
2154 2366 2508
2366 2534 2154
2508 2154 671
2534 671 2366
10 5
2256 2430 2469
2430 2496 2256
2469 2256 2560
2496 2560 2430
2560 2469 2496
11 5
2279 2522 2442
2442 2279 2548
2522 2561 2279
2548 2442 2561
2561 2548 2522
12 6
672 674 676
673 1642 674
674 673 672
675 676 1642
676 672 675
1642 675 673
13 6
677 679 681
678 1655 679
679 678 677
680 681 1655
681 677 680
1655 680 678
14 6
682 683 685
683 2094 682
684 685 1668
685 682 684
1668 684 2094
2094 1668 683
15 6
686 687 688
687 2067 686
688 686 2082
1679 2082 2067
2067 1679 687
2082 688 1679
16 6
689 690 691
690 2119 689
691 689 2055
1688 2055 2119
2055 691 1688
2119 1688 690
17 6
692 694 696
693 1697 694
694 693 692
695 696 1697
696 692 695
1697 695 693
18 6
697 699 701
698 1710 699
699 698 697
700 701 1710
701 697 700
1710 700 698
19 6
702 704 705
703 1723 704
704 703 702
705 702 2207
1723 2207 703
2207 705 1723
20 6
706 707 708
707 2219 706
708 706 2180
1734 2180 2219
2180 708 1734
2219 1734 707
21 6
709 710 711
710 2192 709
711 709 2241
1743 2241 2192
2192 1743 710
2241 711 1743
22 6
712 714 716
713 1752 714
714 713 712
715 716 1752
716 712 715
1752 715 713
23 6
717 719 720
718 1765 719
719 718 717
720 717 2305
1765 2305 718
2305 720 1765
24 6
721 722 2148
722 2317 721
1776 2074 2317
2074 2148 1776
2148 721 2074
2317 1776 722
25 6
723 2174 724
724 723 2339
1790 2339 2062
2062 1790 2174
2174 2062 723
2339 724 1790
26 6
725 727 729
726 1804 727
727 726 725
728 729 1804
729 725 728
1804 728 726
27 6
730 731 733
731 2393 730
732 733 1817
733 730 732
1817 732 2393
2393 1817 731
28 6
734 2276 735
735 734 2381
1828 2381 2187
2187 1828 2276
2276 2187 734
2381 735 1828
29 6
736 737 2296
737 2418 736
1842 2199 2418
2199 2296 1842
2296 736 2199
2418 1842 737
30 6
738 2253 2116
1856 2101 2214
2101 2116 1856
2116 738 2101
2214 1856 2253
2253 2214 738
31 6
739 2151 741
740 741 1875
741 739 740
1875 740 2089
2089 1875 2151
2151 2089 739
32 6
742 743 2273
743 2457 742
1891 2226 2457
2226 2273 1891
2273 742 2226
2457 1891 743
33 6
744 2351 2415
1905 2400 2312
2312 1905 2351
2351 2312 744
2400 2415 1905
2415 744 2400
34 6
745 747 2363
746 1924 747
747 746 745
1924 2324 746
2324 2363 1924
2363 745 2324
35 6
748 2439 749
749 748 2484
1940 2484 2388
2388 1940 2439
2439 2388 748
2484 749 1940
36 6
750 752 2171
751 1954 752
752 751 750
1954 2126 751
2126 2171 1954
2171 750 2126
37 6
753 2299 754
754 753 2510
1970 2510 2248
2248 1970 2299
2299 2248 753
2510 754 1970
38 6
755 2375 757
756 757 1984
757 755 756
1984 756 2346
2346 1984 2375
2375 2346 755
39 6
758 759 2451
759 2536 758
2000 2425 2536
2425 2451 2000
2451 758 2425
2536 2000 759
40 6
760 2505 2478
2014 2464 2491
2464 2478 2014
2478 760 2464
2491 2014 2505
2505 2491 760
41 6
761 2531 2557
2033 2543 2517
2517 2033 2531
2531 2517 761
2543 2557 2033
2557 761 2543
42 6
762 764 766
763 1122 764
764 763 762
765 766 1122
766 762 765
1122 765 763
43 6
767 769 771
768 1127 769
769 768 767
770 771 1127
771 767 770
1127 770 768
44 6
772 773 775
773 1663 772
774 775 1132
775 772 774
1132 774 1663
1663 1132 773
45 6
776 777 778
777 1650 776
778 776 1658
1136 1658 1650
1650 1136 777
1658 778 1136
46 6
779 780 781
780 1674 779
781 779 1645
1139 1645 1674
1645 781 1139
1674 1139 780
47 6
782 784 786
783 1142 784
784 783 782
785 786 1142
786 782 785
1142 785 783
48 6
787 789 791
788 1147 789
789 788 787
790 791 1147
791 787 790
1147 790 788
49 6
792 794 795
793 1152 794
794 793 792
795 792 1713
1152 1713 793
1713 795 1152
50 6
796 797 798
797 1718 796
798 796 1700
1156 1700 1718
1700 798 1156
1718 1156 797
51 6
799 800 801
800 1705 799
801 799 1727
1159 1727 1705
1705 1159 800
1727 801 1159
52 6
802 804 806
803 1162 804
804 803 802
805 806 1162
806 802 805
1162 805 803
53 6
807 809 810
808 1167 809
809 808 807
810 807 1755
1167 1755 808
1755 810 1167
54 6
811 812 814
812 1760 811
813 814 1171
814 811 813
1171 813 1760
1760 1171 812
55 6
815 817 818
816 1175 817
817 816 815
818 815 1769
1175 1769 816
1769 818 1175
56 6
819 821 823
820 1179 821
821 820 819
822 823 1179
823 819 822
1179 822 820
57 6
824 825 827
825 1812 824
826 827 1184
827 824 826
1184 826 1812
1812 1184 825
58 6
828 830 831
829 1188 830
830 829 828
831 828 1807
1188 1807 829
1807 831 1188
59 6
832 833 835
833 1823 832
834 835 1192
835 832 834
1192 834 1823
1823 1192 833
60 6
836 838 840
837 1196 838
838 837 836
839 840 1196
840 836 839
1196 839 837
61 6
841 843 845
842 1201 843
843 842 841
844 845 1201
845 841 844
1201 844 842
62 6
846 847 849
847 1886 846
848 849 1206
849 846 848
1206 848 1886
1886 1206 847
63 6
850 852 854
851 1210 852
852 851 850
853 854 1210
854 850 853
1210 853 851
64 6
855 857 859
856 1215 857
857 856 855
858 859 1215
859 855 858
1215 858 856
65 6
860 862 863
861 1220 862
862 861 860
863 860 1928
1220 1928 861
1928 863 1220
66 6
864 866 868
865 1224 866
866 865 864
867 868 1224
868 864 867
1224 867 865
67 6
869 871 872
870 1229 871
871 870 869
872 869 1958
1229 1958 870
1958 872 1229
68 6
873 875 877
874 1233 875
875 874 873
876 877 1233
877 873 876
1233 876 874
69 6
878 879 881
879 1995 878
880 881 1238
881 878 880
1238 880 1995
1995 1238 879
70 6
882 884 886
883 1242 884
884 883 882
885 886 1242
886 882 885
1242 885 883
71 6
887 889 891
888 1247 889
889 888 887
890 891 1247
891 887 890
1247 890 888
72 6
892 1795 1783
893 1252 1795
894 1783 1252
1252 894 893
1783 892 894
1795 893 892
73 6
895 1695 897
896 897 1257
897 895 896
1257 896 1648
1648 1257 1695
1695 1648 895
74 6
898 899 1799
899 2057 898
1262 2053 2057
1799 898 2053
2053 1799 1262
2057 1262 899
75 6
900 902 1684
901 1265 902
902 901 900
1265 1653 901
1653 1684 1265
1684 900 1653
76 6
903 1787 904
904 903 2069
1270 2069 2054
1787 2054 903
2054 1270 1787
2069 904 1270
77 6
905 1879 1868
906 1273 1879
907 1868 1273
1273 907 906
1868 905 907
1879 906 905
78 6
908 1686 910
909 910 1278
910 908 909
1278 909 1661
1661 1278 1686
1686 1661 908
79 6
911 912 1883
912 2084 911
1283 2080 2084
1883 911 2080
2080 1883 1283
2084 1283 912
80 6
913 915 1672
914 1286 915
915 914 913
1286 1666 914
1666 1672 1286
1672 913 1666
81 6
916 1872 917
917 916 2096
1291 2096 2081
1872 2081 916
2081 1291 1872
2096 917 1291
82 6
918 920 1963
919 1294 920
920 919 918
921 1963 1294
1294 921 919
1963 918 921
83 6
922 2104 923
923 922 2109
1299 2109 2099
2099 1299 2104
2104 2099 922
2109 923 1299
84 6
924 926 1693
925 1303 926
926 925 924
1303 1677 925
1677 1693 1303
1693 924 1677
85 6
927 1967 928
928 927 2121
1308 2121 2115
1967 2115 927
2115 1308 1967
2121 928 1308
86 6
929 931 933
930 1311 931
931 930 929
932 933 1311
933 929 932
1311 932 930
87 6
934 2077 935
935 934 2136
1316 2136 2072
2072 1316 2077
2077 2072 934
2136 935 1316
88 6
936 937 2092
937 2142 936
1320 2087 2142
2087 2092 1320
2092 936 2087
2142 1320 937
89 6
938 940 942
939 1324 940
940 939 938
941 942 1324
942 938 941
1324 941 939
90 6
943 2129 944
944 943 2159
1329 2159 2124
2124 1329 2129
2129 2124 943
2159 944 1329
91 6
945 946 2065
946 2165 945
1333 2060 2165
2060 2065 1333
2065 945 2060
2165 1333 946
92 6
947 1833 1849
948 1337 1833
949 1849 1337
1337 949 948
1833 948 947
1849 947 949
93 6
950 1741 952
951 952 1342
952 950 951
1342 951 1703
1703 1342 1741
1741 1703 950
94 6
953 954 1837
954 2182 953
1347 2178 2182
1837 953 2178
2178 1837 1347
2182 1347 954
95 6
955 957 1748
956 1350 957
957 956 955
1350 1708 956
1708 1748 1350
1748 955 1708
96 6
958 1853 959
959 958 2194
1355 2194 2179
1853 2179 958
2179 1355 1853
2194 959 1355
97 6
960 1861 1898
961 1358 1861
962 1898 1358
1358 962 961
1861 961 960
1898 960 962
98 6
963 1732 965
964 965 1363
965 963 964
1363 964 1716
1716 1363 1732
1732 1716 963
99 6
966 967 1865
967 2209 966
1368 2205 2209
1865 966 2205
2205 1865 1368
2209 1368 967
100 6
968 970 1739
969 1371 970
970 969 968
1371 1721 969
1721 1739 1371
1739 968 1721
101 6
971 1902 972
972 971 2221
1376 2221 2206
1902 2206 971
2206 1376 1902
2221 972 1376
102 6
973 1975 976
974 1379 1975
975 976 1379
976 973 975
1379 975 974
1975 974 973
103 6
977 1750 979
978 979 1384
979 977 978
1384 978 1730
1730 1384 1750
1750 1730 977
104 6
980 981 1979
981 2243 980
1389 2234 2243
1979 980 2234
2234 1979 1389
2243 1389 981
105 6
982 983 2217
983 2235 982
1392 2212 2235
2212 2217 1392
2217 982 2212
2235 1392 983
106 6
984 986 988
985 1396 986
986 985 984
987 988 1396
988 984 987
1396 987 985
107 6
989 2229 990
990 989 2261
1401 2261 2224
2224 1401 2229
2229 2224 989
2261 990 1401
108 6
991 992 2190
992 2267 991
1405 2185 2267
2185 2190 1405
2190 991 2185
2267 1405 992
109 6
993 995 997
994 1409 995
995 994 993
996 997 1409
997 993 996
1409 996 994
110 6
998 2202 999
999 998 2284
1414 2284 2197
2197 1414 2202
2202 2197 998
2284 999 1414
111 6
1000 1001 2251
1001 2290 1000
1418 2246 2290
2246 2251 1418
2251 1000 2246
2290 1418 1001
112 6
1002 1910 1933
1003 1422 1910
1004 1933 1422
1422 1004 1003
1910 1003 1002
1933 1002 1004
113 6
1005 1774 1007
1006 1007 1427
1007 1005 1006
1427 1006 1758
1758 1427 1774
1774 1758 1005
114 6
1008 1009 1914
1009 2307 1008
1432 2303 2307
1914 1008 2303
2303 1914 1432
2307 1432 1009
115 6
1010 1012 1781
1011 1435 1012
1012 1011 1010
1435 1763 1011
1763 1781 1435
1781 1010 1763
116 6
1013 1937 1014
1014 1013 2319
1440 2319 2304
1937 2304 1013
2304 1440 1937
2319 1014 1440
117 6
1015 1988 1018
1016 1443 1988
1017 1018 1443
1018 1015 1017
1443 1017 1016
1988 1016 1015
118 6
1019 1802 1021
1020 1021 1448
1021 1019 1020
1448 1020 1772
1772 1448 1802
1802 1772 1019
119 6
1022 1023 1992
1023 2341 1022
1453 2332 2341
1992 1022 2332
2332 1992 1453
2341 1453 1023
120 6
1024 1025 2315
1025 2333 1024
1456 2310 2333
2310 2315 1456
2315 1024 2310
2333 1456 1025
121 6
1026 1028 2139
1027 1460 1028
1028 1027 1026
1460 2150 1027
2139 1026 2150
2150 2139 1460
122 6
1029 2327 1030
1030 1029 2357
1465 2357 2322
2322 1465 2327
2327 2322 1029
2357 1030 1465
123 6
1031 2168 1033
1032 1033 1469
1033 1031 1032
1469 1032 2176
2168 2176 1031
2176 1469 2168
124 6
1034 1035 2349
1035 2369 1034
1474 2344 2369
2344 2349 1474
2349 1034 2344
2369 1474 1035
125 6
1036 1945 1917
1037 1478 1945
1038 1917 1478
1478 1038 1037
1917 1036 1038
1945 1037 1036
126 6
1039 1840 1041
1040 1041 1483
1041 1039 1040
1483 1040 1810
1810 1483 1840
1840 1810 1039
127 6
1042 1043 1949
1043 2383 1042
1488 2379 2383
1949 1042 2379
2379 1949 1488
2383 1488 1043
128 6
1044 1046 1821
1045 1491 1046
1046 1045 1044
1491 1815 1045
1815 1821 1491
1821 1044 1815
129 6
1047 1921 1048
1048 1047 2395
1496 2395 2380
1921 2380 1047
2380 1496 1921
2395 1048 1496
130 6
1049 1051 2007
1050 1499 1051
1051 1050 1049
1052 2007 1499
1499 1052 1050
2007 1049 1052
131 6
1053 2403 1054
1054 1053 2408
1504 2408 2398
2398 1504 2403
2403 2398 1053
2408 1054 1504
132 6
1055 1057 1847
1056 1508 1057
1057 1056 1055
1508 1826 1056
1826 1847 1508
1847 1055 1826
133 6
1058 2011 1059
1059 1058 2420
1513 2420 2414
2011 2414 1058
2414 1513 2011
2420 1059 1513
134 6
1060 2270 1062
1061 1062 1516
1062 1060 1061
1516 1061 2278
2270 2278 1060
2278 1516 2270
135 6
1063 1064 2391
1064 2433 1063
1521 2386 2433
2386 2391 1521
2391 1063 2386
2433 1521 1064
136 6
1065 1067 2287
1066 1525 1067
1067 1066 1065
1525 2298 1066
2287 1065 2298
2298 2287 1525
137 6
1068 2428 1069
1069 1068 2445
1530 2445 2423
2423 1530 2428
2428 2423 1068
2445 1069 1530
138 6
1070 2238 2112
1534 2118 2255
2112 1070 2118
2118 2112 1534
2238 2255 1070
2255 1534 2238
139 6
1071 2145 2026
1072 2026 1539
1539 1072 2153
2026 1071 1072
2145 2153 1071
2153 1539 2145
140 6
1073 1075 1896
1074 1544 1075
1075 1074 1073
1544 1889 1074
1889 1896 1544
1896 1073 1889
141 6
1076 2030 1077
1077 1076 2459
1549 2459 2456
2030 2456 1076
2456 1549 2030
2459 1077 1549
142 6
1078 1080 2264
1079 1552 1080
1080 1079 1078
1552 2275 1079
2264 1078 2275
2275 2264 1552
143 6
1081 2467 1082
1082 1081 2472
1557 2472 2462
2462 1557 2467
2467 2462 1081
2472 1082 1557
144 6
1083 2336 2411
1561 2417 2353
2336 2353 1083
2353 1561 2336
2411 1083 2417
2417 2411 1561
145 6
1084 2019 2360
1085 1566 2019
1566 2365 1085
2019 1085 1084
2360 1084 2365
2365 2360 1566
146 6
1086 1952 1088
1087 1088 1571
1088 1086 1087
1571 1087 1931
1931 1571 1952
1952 1931 1086
147 6
1089 1090 2023
1090 2486 1089
1576 2483 2486
2023 1089 2483
2483 2023 1576
2486 1576 1090
148 6
1091 2436 1093
1092 1093 1579
1093 1091 1092
1579 1092 2441
2436 2441 1091
2441 1579 2436
149 6
1094 1095 2494
1095 2499 1094
1584 2489 2499
2489 2494 1584
2494 1094 2489
2499 1584 1095
150 6
1096 2038 2162
1097 1588 2038
1588 2173 1097
2038 1097 1096
2162 1096 2173
2173 2162 1588
151 6
1098 1982 1100
1099 1100 1593
1100 1098 1099
1593 1099 1961
1961 1593 1982
1982 1961 1098
152 6
1101 1102 2042
1102 2512 1101
1598 2509 2512
2042 1101 2509
2509 2042 1598
2512 1598 1102
153 6
1103 2293 1105
1104 1105 1601
1105 1103 1104
1601 1104 2301
2293 2301 1103
2301 1601 2293
154 6
1106 1107 2520
1107 2525 1106
1606 2515 2525
2515 2520 1606
2520 1106 2515
2525 1606 1107
155 6
1108 2372 2045
1109 2045 1610
1610 1109 2377
2045 1108 1109
2372 2377 1108
2377 1610 2372
156 6
1110 1112 2005
1111 1615 1112
1112 1111 1110
1615 1998 1111
1998 2005 1615
2005 1110 1998
157 6
1113 2049 1114
1114 1113 2538
1620 2538 2535
2049 2535 1113
2535 1620 2049
2538 1114 1620
158 6
1115 1117 2448
1116 1623 1117
1117 1116 1115
1623 2453 1116
2448 1115 2453
2453 2448 1623
159 6
1118 2546 1119
1119 1118 2551
1628 2551 2541
2541 1628 2546
2546 2541 1118
2551 1119 1628
160 6
1120 2502 2475
1632 2480 2507
2475 1120 2480
2480 2475 1632
2502 2507 1120
2507 1632 2502
161 6
1121 2528 2554
1637 2559 2533
2528 2533 1121
2533 1637 2528
2554 1121 2559
2559 2554 1637
162 6
1122 1124 1126
1123 642 1124
1124 1123 1122
1125 1126 642
1126 1122 1125
642 1125 1123
163 6
1127 1129 1131
1128 643 1129
1129 1128 1127
1130 1131 643
1131 1127 1130
643 1130 1128
164 6
1132 1133 1135
1133 1130 1132
1134 1135 644
1135 1132 1134
644 1134 1130
1130 644 1133
165 6
1136 1137 1138
1137 1125 1136
1138 1136 1128
645 1128 1125
1125 645 1137
1128 1138 645
166 6
1139 1140 1141
1140 1134 1139
1141 1139 1123
646 1123 1134
1123 1141 646
1134 646 1140
167 6
1142 1144 1146
1143 647 1144
1144 1143 1142
1145 1146 647
1146 1142 1145
647 1145 1143
168 6
1147 1149 1151
1148 648 1149
1149 1148 1147
1150 1151 648
1151 1147 1150
648 1150 1148
169 6
1152 1154 1155
1153 649 1154
1154 1153 1152
1155 1152 1148
649 1148 1153
1148 1155 649
170 6
1156 1157 1158
1157 1150 1156
1158 1156 1143
650 1143 1150
1143 1158 650
1150 650 1157
171 6
1159 1160 1161
1160 1145 1159
1161 1159 1153
651 1153 1145
1145 651 1160
1153 1161 651
172 6
1162 1164 1166
1163 652 1164
1164 1163 1162
1165 1166 652
1166 1162 1165
652 1165 1163
173 6
1167 1169 1170
1168 653 1169
1169 1168 1167
1170 1167 1163
653 1163 1168
1163 1170 653
174 6
1171 1172 1174
1172 1165 1171
1173 1174 654
1174 1171 1173
654 1173 1165
1165 654 1172
175 6
1175 1177 1178
1176 655 1177
1177 1176 1175
1178 1175 1168
655 1168 1176
1168 1178 655
176 6
1179 1181 1183
1180 656 1181
1181 1180 1179
1182 1183 656
1183 1179 1182
656 1182 1180
177 6
1184 1185 1187
1185 1182 1184
1186 1187 657
1187 1184 1186
657 1186 1182
1182 657 1185
178 6
1188 1190 1191
1189 658 1190
1190 1189 1188
1191 1188 1180
658 1180 1189
1180 1191 658
179 6
1192 1193 1195
1193 1186 1192
1194 1195 659
1195 1192 1194
659 1194 1186
1186 659 1193
180 6
1196 1198 1200
1197 660 1198
1198 1197 1196
1199 1200 660
1200 1196 1199
660 1199 1197
181 6
1201 1203 1205
1202 661 1203
1203 1202 1201
1204 1205 661
1205 1201 1204
661 1204 1202
182 6
1206 1207 1209
1207 1204 1206
1208 1209 662
1209 1206 1208
662 1208 1204
1204 662 1207
183 6
1210 1212 1214
1211 663 1212
1212 1211 1210
1213 1214 663
1214 1210 1213
663 1213 1211
184 6
1215 1217 1219
1216 664 1217
1217 1216 1215
1218 1219 664
1219 1215 1218
664 1218 1216
185 6
1220 1222 1223
1221 665 1222
1222 1221 1220
1223 1220 1216
665 1216 1221
1216 1223 665
186 6
1224 1226 1228
1225 666 1226
1226 1225 1224
1227 1228 666
1228 1224 1227
666 1227 1225
187 6
1229 1231 1232
1230 667 1231
1231 1230 1229
1232 1229 1225
667 1225 1230
1225 1232 667
188 6
1233 1235 1237
1234 668 1235
1235 1234 1233
1236 1237 668
1237 1233 1236
668 1236 1234
189 6
1238 1239 1241
1239 1236 1238
1240 1241 669
1241 1238 1240
669 1240 1236
1236 669 1239
190 6
1242 1244 1246
1243 670 1244
1244 1243 1242
1245 1246 670
1246 1242 1245
670 1245 1243
191 6
1247 1249 1251
1248 671 1249
1249 1248 1247
1250 1251 671
1251 1247 1250
671 1250 1248
192 6
1252 1254 1256
1253 672 1254
1254 1253 1252
1255 1256 672
1256 1252 1255
672 1255 1253
193 6
1257 1259 1261
1258 673 1259
1259 1258 1257
1260 1261 673
1261 1257 1260
673 1260 1258
194 6
1262 1263 1264
1263 1260 1262
1264 1262 1253
674 1253 1260
1253 1264 674
1260 674 1263
195 6
1265 1267 1269
1266 675 1267
1267 1266 1265
1268 1269 675
1269 1265 1268
675 1268 1266
196 6
1270 1271 1272
1271 1255 1270
1272 1270 1266
676 1266 1255
1255 676 1271
1266 1272 676
197 6
1273 1275 1277
1274 677 1275
1275 1274 1273
1276 1277 677
1277 1273 1276
677 1276 1274
198 6
1278 1280 1282
1279 678 1280
1280 1279 1278
1281 1282 678
1282 1278 1281
678 1281 1279
199 6
1283 1284 1285
1284 1281 1283
1285 1283 1274
679 1274 1281
1274 1285 679
1281 679 1284
200 6
1286 1288 1290
1287 680 1288
1288 1287 1286
1289 1290 680
1290 1286 1289
680 1289 1287
201 6
1291 1292 1293
1292 1276 1291
1293 1291 1287
681 1287 1276
1276 681 1292
1287 1293 681
202 6
1294 1296 1298
1295 682 1296
1296 1295 1294
1297 1298 682
1298 1294 1297
682 1297 1295
203 6
1299 1301 1302
1300 683 1301
1301 1300 1299
1302 1299 1295
683 1295 1300
1295 1302 683
204 6
1303 1305 1307
1304 684 1305
1305 1304 1303
1306 1307 684
1307 1303 1306
684 1306 1304
205 6
1308 1309 1310
1309 1297 1308
1310 1308 1304
685 1304 1297
1297 685 1309
1304 1310 685
206 6
1311 1313 1315
1312 686 1313
1313 1312 1311
1314 1315 686
1315 1311 1314
686 1314 1312
207 6
1316 1318 1319
1317 687 1318
1318 1317 1316
1319 1316 1312
687 1312 1317
1312 1319 687
208 6
1320 1321 1323
1321 1314 1320
1322 1323 688
1323 1320 1322
688 1322 1314
1314 688 1321
209 6
1324 1326 1328
1325 689 1326
1326 1325 1324
1327 1328 689
1328 1324 1327
689 1327 1325
210 6
1329 1331 1332
1330 690 1331
1331 1330 1329
1332 1329 1325
690 1325 1330
1325 1332 690
211 6
1333 1334 1336
1334 1327 1333
1335 1336 691
1336 1333 1335
691 1335 1327
1327 691 1334
212 6
1337 1339 1341
1338 692 1339
1339 1338 1337
1340 1341 692
1341 1337 1340
692 1340 1338
213 6
1342 1344 1346
1343 693 1344
1344 1343 1342
1345 1346 693
1346 1342 1345
693 1345 1343
214 6
1347 1348 1349
1348 1345 1347
1349 1347 1338
694 1338 1345
1338 1349 694
1345 694 1348
215 6
1350 1352 1354
1351 695 1352
1352 1351 1350
1353 1354 695
1354 1350 1353
695 1353 1351
216 6
1355 1356 1357
1356 1340 1355
1357 1355 1351
696 1351 1340
1340 696 1356
1351 1357 696
217 6
1358 1360 1362
1359 697 1360
1360 1359 1358
1361 1362 697
1362 1358 1361
697 1361 1359
218 6
1363 1365 1367
1364 698 1365
1365 1364 1363
1366 1367 698
1367 1363 1366
698 1366 1364
219 6
1368 1369 1370
1369 1366 1368
1370 1368 1359
699 1359 1366
1359 1370 699
1366 699 1369
220 6
1371 1373 1375
1372 700 1373
1373 1372 1371
1374 1375 700
1375 1371 1374
700 1374 1372
221 6
1376 1377 1378
1377 1361 1376
1378 1376 1372
701 1372 1361
1361 701 1377
1372 1378 701
222 6
1379 1381 1383
1380 702 1381
1381 1380 1379
1382 1383 702
1383 1379 1382
702 1382 1380
223 6
1384 1386 1388
1385 703 1386
1386 1385 1384
1387 1388 703
1388 1384 1387
703 1387 1385
224 6
1389 1390 1391
1390 1387 1389
1391 1389 1380
704 1380 1387
1380 1391 704
1387 704 1390
225 6
1392 1393 1395
1393 1382 1392
1394 1395 705
1395 1392 1394
705 1394 1382
1382 705 1393
226 6
1396 1398 1400
1397 706 1398
1398 1397 1396
1399 1400 706
1400 1396 1399
706 1399 1397
227 6
1401 1403 1404
1402 707 1403
1403 1402 1401
1404 1401 1397
707 1397 1402
1397 1404 707
228 6
1405 1406 1408
1406 1399 1405
1407 1408 708
1408 1405 1407
708 1407 1399
1399 708 1406
229 6
1409 1411 1413
1410 709 1411
1411 1410 1409
1412 1413 709
1413 1409 1412
709 1412 1410
230 6
1414 1416 1417
1415 710 1416
1416 1415 1414
1417 1414 1410
710 1410 1415
1410 1417 710
231 6
1418 1419 1421
1419 1412 1418
1420 1421 711
1421 1418 1420
711 1420 1412
1412 711 1419
232 6
1422 1424 1426
1423 712 1424
1424 1423 1422
1425 1426 712
1426 1422 1425
712 1425 1423
233 6
1427 1429 1431
1428 713 1429
1429 1428 1427
1430 1431 713
1431 1427 1430
713 1430 1428
234 6
1432 1433 1434
1433 1430 1432
1434 1432 1423
714 1423 1430
1423 1434 714
1430 714 1433
235 6
1435 1437 1439
1436 715 1437
1437 1436 1435
1438 1439 715
1439 1435 1438
715 1438 1436
236 6
1440 1441 1442
1441 1425 1440
1442 1440 1436
716 1436 1425
1425 716 1441
1436 1442 716
237 6
1443 1445 1447
1444 717 1445
1445 1444 1443
1446 1447 717
1447 1443 1446
717 1446 1444
238 6
1448 1450 1452
1449 718 1450
1450 1449 1448
1451 1452 718
1452 1448 1451
718 1451 1449
239 6
1453 1454 1455
1454 1451 1453
1455 1453 1444
719 1444 1451
1444 1455 719
1451 719 1454
240 6
1456 1457 1459
1457 1446 1456
1458 1459 720
1459 1456 1458
720 1458 1446
1446 720 1457
241 6
1460 1462 1464
1461 721 1462
1462 1461 1460
1463 1464 721
1464 1460 1463
721 1463 1461
242 6
1465 1467 1468
1466 722 1467
1467 1466 1465
1468 1465 1461
722 1461 1466
1461 1468 722
243 6
1469 1471 1473
1470 723 1471
1471 1470 1469
1472 1473 723
1473 1469 1472
723 1472 1470
244 6
1474 1475 1477
1475 1472 1474
1476 1477 724
1477 1474 1476
724 1476 1472
1472 724 1475
245 6
1478 1480 1482
1479 725 1480
1480 1479 1478
1481 1482 725
1482 1478 1481
725 1481 1479
246 6
1483 1485 1487
1484 726 1485
1485 1484 1483
1486 1487 726
1487 1483 1486
726 1486 1484
247 6
1488 1489 1490
1489 1486 1488
1490 1488 1479
727 1479 1486
1479 1490 727
1486 727 1489
248 6
1491 1493 1495
1492 728 1493
1493 1492 1491
1494 1495 728
1495 1491 1494
728 1494 1492
249 6
1496 1497 1498
1497 1481 1496
1498 1496 1492
729 1492 1481
1481 729 1497
1492 1498 729
250 6
1499 1501 1503
1500 730 1501
1501 1500 1499
1502 1503 730
1503 1499 1502
730 1502 1500
251 6
1504 1506 1507
1505 731 1506
1506 1505 1504
1507 1504 1500
731 1500 1505
1500 1507 731
252 6
1508 1510 1512
1509 732 1510
1510 1509 1508
1511 1512 732
1512 1508 1511
732 1511 1509
253 6
1513 1514 1515
1514 1502 1513
1515 1513 1509
733 1509 1502
1502 733 1514
1509 1515 733
254 6
1516 1518 1520
1517 734 1518
1518 1517 1516
1519 1520 734
1520 1516 1519
734 1519 1517
255 6
1521 1522 1524
1522 1519 1521
1523 1524 735
1524 1521 1523
735 1523 1519
1519 735 1522
256 6
1525 1527 1529
1526 736 1527
1527 1526 1525
1528 1529 736
1529 1525 1528
736 1528 1526
257 6
1530 1532 1533
1531 737 1532
1532 1531 1530
1533 1530 1526
737 1526 1531
1526 1533 737
258 6
1534 1536 1538
1535 738 1536
1536 1535 1534
1537 1538 738
1538 1534 1537
738 1537 1535
259 6
1539 1541 1543
1540 739 1541
1541 1540 1539
1542 1543 739
1543 1539 1542
739 1542 1540
260 6
1544 1546 1548
1545 740 1546
1546 1545 1544
1547 1548 740
1548 1544 1547
740 1547 1545
261 6
1549 1550 1551
1550 1542 1549
1551 1549 1545
741 1545 1542
1542 741 1550
1545 1551 741
262 6
1552 1554 1556
1553 742 1554
1554 1553 1552
1555 1556 742
1556 1552 1555
742 1555 1553
263 6
1557 1559 1560
1558 743 1559
1559 1558 1557
1560 1557 1553
743 1553 1558
1553 1560 743
264 6
1561 1563 1565
1562 744 1563
1563 1562 1561
1564 1565 744
1565 1561 1564
744 1564 1562
265 6
1566 1568 1570
1567 745 1568
1568 1567 1566
1569 1570 745
1570 1566 1569
745 1569 1567
266 6
1571 1573 1575
1572 746 1573
1573 1572 1571
1574 1575 746
1575 1571 1574
746 1574 1572
267 6
1576 1577 1578
1577 1574 1576
1578 1576 1567
747 1567 1574
1567 1578 747
1574 747 1577
268 6
1579 1581 1583
1580 748 1581
1581 1580 1579
1582 1583 748
1583 1579 1582
748 1582 1580
269 6
1584 1585 1587
1585 1582 1584
1586 1587 749
1587 1584 1586
749 1586 1582
1582 749 1585
270 6
1588 1590 1592
1589 750 1590
1590 1589 1588
1591 1592 750
1592 1588 1591
750 1591 1589
271 6
1593 1595 1597
1594 751 1595
1595 1594 1593
1596 1597 751
1597 1593 1596
751 1596 1594
272 6
1598 1599 1600
1599 1596 1598
1600 1598 1589
752 1589 1596
1589 1600 752
1596 752 1599
273 6
1601 1603 1605
1602 753 1603
1603 1602 1601
1604 1605 753
1605 1601 1604
753 1604 1602
274 6
1606 1607 1609
1607 1604 1606
1608 1609 754
1609 1606 1608
754 1608 1604
1604 754 1607
275 6
1610 1612 1614
1611 755 1612
1612 1611 1610
1613 1614 755
1614 1610 1613
755 1613 1611
276 6
1615 1617 1619
1616 756 1617
1617 1616 1615
1618 1619 756
1619 1615 1618
756 1618 1616
277 6
1620 1621 1622
1621 1613 1620
1622 1620 1616
757 1616 1613
1613 757 1621
1616 1622 757
278 6
1623 1625 1627
1624 758 1625
1625 1624 1623
1626 1627 758
1627 1623 1626
758 1626 1624
279 6
1628 1630 1631
1629 759 1630
1630 1629 1628
1631 1628 1624
759 1624 1629
1624 1631 759
280 6
1632 1634 1636
1633 760 1634
1634 1633 1632
1635 1636 760
1636 1632 1635
760 1635 1633
281 6
1637 1639 1641
1638 761 1639
1639 1638 1637
1640 1641 761
1641 1637 1640
761 1640 1638
282 6
1642 1258 1268
1643 762 1258
1644 1268 762
762 1644 1643
1258 1643 1642
1268 1642 1644
283 6
1645 1141 1647
1646 1647 763
1647 1645 1646
763 1646 1124
1124 763 1141
1141 1124 1645
284 6
1648 1649 1259
1649 1646 1648
764 1643 1646
1259 1648 1643
1643 1259 764
1646 764 1649
285 6
1650 1652 1137
1651 765 1652
1652 1651 1650
765 1126 1651
1126 1137 765
1137 1650 1126
286 6
1653 1269 1654
1654 1653 1651
766 1651 1644
1269 1644 1653
1644 766 1269
1651 1654 766
287 6
1655 1279 1289
1656 767 1279
1657 1289 767
767 1657 1656
1279 1656 1655
1289 1655 1657
288 6
1658 1138 1660
1659 1660 768
1660 1658 1659
768 1659 1129
1129 768 1138
1138 1129 1658
289 6
1661 1662 1280
1662 1659 1661
769 1656 1659
1280 1661 1656
1656 1280 769
1659 769 1662
290 6
1663 1665 1133
1664 770 1665
1665 1664 1663
770 1131 1664
1131 1133 770
1133 1663 1131
291 6
1666 1290 1667
1667 1666 1664
771 1664 1657
1290 1657 1666
1657 771 1290
1664 1667 771
292 6
1668 1670 1306
1669 772 1670
1670 1669 1668
1671 1306 772
772 1671 1669
1306 1668 1671
293 6
1672 1667 1673
1673 1672 1669
773 1669 1665
1665 773 1667
1667 1665 1672
1669 1673 773
294 6
1674 1676 1140
1675 774 1676
1676 1675 1674
774 1135 1675
1135 1140 774
1140 1674 1135
295 6
1677 1307 1678
1678 1677 1675
775 1675 1671
1307 1671 1677
1671 775 1307
1675 1678 775
296 6
1679 1681 1683
1680 776 1681
1681 1680 1679
1682 1683 776
1683 1679 1682
776 1682 1680
297 6
1684 1654 1685
1685 1684 1680
777 1680 1652
1652 777 1654
1654 1652 1684
1680 1685 777
298 6
1686 1687 1662
1687 1682 1686
778 1660 1682
1660 1662 778
1662 1686 1660
1682 778 1687
299 6
1688 1690 1692
1689 779 1690
1690 1689 1688
1691 1692 779
1692 1688 1691
779 1691 1689
300 6
1693 1678 1694
1694 1693 1689
780 1689 1676
1676 780 1678
1678 1676 1693
1689 1694 780
301 6
1695 1696 1649
1696 1691 1695
781 1647 1691
1647 1649 781
1649 1695 1647
1691 781 1696
302 6
1697 1343 1353
1698 782 1343
1699 1353 782
782 1699 1698
1343 1698 1697
1353 1697 1699
303 6
1700 1158 1702
1701 1702 783
1702 1700 1701
783 1701 1144
1144 783 1158
1158 1144 1700
304 6
1703 1704 1344
1704 1701 1703
784 1698 1701
1344 1703 1698
1698 1344 784
1701 784 1704
305 6
1705 1707 1160
1706 785 1707
1707 1706 1705
785 1146 1706
1146 1160 785
1160 1705 1146
306 6
1708 1354 1709
1709 1708 1706
786 1706 1699
1354 1699 1708
1699 786 1354
1706 1709 786
307 6
1710 1364 1374
1711 787 1364
1712 1374 787
787 1712 1711
1364 1711 1710
1374 1710 1712
308 6
1713 1155 1715
1714 1715 788
1715 1713 1714
788 1714 1149
1149 788 1155
1155 1149 1713
309 6
1716 1717 1365
1717 1714 1716
789 1711 1714
1365 1716 1711
1711 1365 789
1714 789 1717
310 6
1718 1720 1157
1719 790 1720
1720 1719 1718
790 1151 1719
1151 1157 790
1157 1718 1151
311 6
1721 1375 1722
1722 1721 1719
791 1719 1712
1375 1712 1721
1712 791 1375
1719 1722 791
312 6
1723 1385 1726
1724 792 1385
1725 1726 792
1726 1723 1725
792 1725 1724
1385 1724 1723
313 6
1727 1161 1729
1728 1729 793
1729 1727 1728
793 1728 1154
1154 793 1161
1161 1154 1727
314 6
1730 1731 1386
1731 1728 1730
794 1724 1728
1386 1730 1724
1724 1386 794
1728 794 1731
315 6
1732 1733 1717
1733 1725 1732
795 1715 1725
1715 1717 795
1717 1732 1715
1725 795 1733
316 6
1734 1736 1738
1735 796 1736
1736 1735 1734
1737 1738 796
1738 1734 1737
796 1737 1735
317 6
1739 1722 1740
1740 1739 1735
797 1735 1720
1720 797 1722
1722 1720 1739
1735 1740 797
318 6
1741 1742 1704
1742 1737 1741
798 1702 1737
1702 1704 798
1704 1741 1702
1737 798 1742
319 6
1743 1745 1747
1744 799 1745
1745 1744 1743
1746 1747 799
1747 1743 1746
799 1746 1744
320 6
1748 1709 1749
1749 1748 1744
800 1744 1707
1707 800 1709
1709 1707 1748
1744 1749 800
321 6
1750 1751 1731
1751 1746 1750
801 1729 1746
1729 1731 801
1731 1750 1729
1746 801 1751
322 6
1752 1428 1438
1753 802 1428
1754 1438 802
802 1754 1753
1428 1753 1752
1438 1752 1754
323 6
1755 1170 1757
1756 1757 803
1757 1755 1756
803 1756 1164
1164 803 1170
1170 1164 1755
324 6
1758 1759 1429
1759 1756 1758
804 1753 1756
1429 1758 1753
1753 1429 804
1756 804 1759
325 6
1760 1762 1172
1761 805 1762
1762 1761 1760
805 1166 1761
1166 1172 805
1172 1760 1166
326 6
1763 1439 1764
1764 1763 1761
806 1761 1754
1439 1754 1763
1754 806 1439
1761 1764 806
327 6
1765 1449 1768
1766 807 1449
1767 1768 807
1768 1765 1767
807 1767 1766
1449 1766 1765
328 6
1769 1178 1771
1770 1771 808
1771 1769 1770
808 1770 1169
1169 808 1178
1178 1169 1769
329 6
1772 1773 1450
1773 1770 1772
809 1766 1770
1450 1772 1766
1766 1450 809
1770 809 1773
330 6
1774 1775 1759
1775 1767 1774
810 1757 1767
1757 1759 810
1759 1774 1757
1767 810 1775
331 6
1776 1778 1780
1777 811 1778
1778 1777 1776
1779 1780 811
1780 1776 1779
811 1779 1777
332 6
1781 1764 1782
1782 1781 1777
812 1777 1762
1762 812 1764
1764 1762 1781
1777 1782 812
333 6
1783 1785 1786
1784 813 1785
1785 1784 1783
1786 1783 1174
813 1174 1784
1174 1786 813
334 6
1787 1788 1789
1788 1779 1787
1789 1787 1784
814 1784 1779
1779 814 1788
1784 1789 814
335 6
1790 1792 1794
1791 815 1792
1792 1791 1790
1793 1794 815
1794 1790 1793
815 1793 1791
336 6
1795 1796 1798
1796 1177 1795
1797 1798 816
1798 1795 1797
816 1797 1177
1177 816 1796
337 6
1799 1800 1801
1800 1797 1799
1801 1799 1791
817 1791 1797
1791 1801 817
1797 817 1800
338 6
1802 1803 1773
1803 1793 1802
818 1771 1793
1771 1773 818
1773 1802 1771
1793 818 1803
339 6
1804 1484 1494
1805 819 1484
1806 1494 819
819 1806 1805
1484 1805 1804
1494 1804 1806
340 6
1807 1191 1809
1808 1809 820
1809 1807 1808
820 1808 1181
1181 820 1191
1191 1181 1807
341 6
1810 1811 1485
1811 1808 1810
821 1805 1808
1485 1810 1805
1805 1485 821
1808 821 1811
342 6
1812 1814 1185
1813 822 1814
1814 1813 1812
822 1183 1813
1183 1185 822
1185 1812 1183
343 6
1815 1495 1816
1816 1815 1813
823 1813 1806
1495 1806 1815
1806 823 1495
1813 1816 823
344 6
1817 1819 1511
1818 824 1819
1819 1818 1817
1820 1511 824
824 1820 1818
1511 1817 1820
345 6
1821 1816 1822
1822 1821 1818
825 1818 1814
1814 825 1816
1816 1814 1821
1818 1822 825
346 6
1823 1825 1193
1824 826 1825
1825 1824 1823
826 1187 1824
1187 1193 826
1193 1823 1187
347 6
1826 1512 1827
1827 1826 1824
827 1824 1820
1512 1820 1826
1820 827 1512
1824 1827 827
348 6
1828 1830 1832
1829 828 1830
1830 1829 1828
1831 1832 828
1832 1828 1831
828 1831 1829
349 6
1833 1834 1836
1834 1190 1833
1835 1836 829
1836 1833 1835
829 1835 1190
1190 829 1834
350 6
1837 1838 1839
1838 1835 1837
1839 1837 1829
830 1829 1835
1829 1839 830
1835 830 1838
351 6
1840 1841 1811
1841 1831 1840
831 1809 1831
1809 1811 831
1811 1840 1809
1831 831 1841
352 6
1842 1844 1846
1843 832 1844
1844 1843 1842
1845 1846 832
1846 1842 1845
832 1845 1843
353 6
1847 1827 1848
1848 1847 1843
833 1843 1825
1825 833 1827
1827 1825 1847
1843 1848 833
354 6
1849 1851 1852
1850 834 1851
1851 1850 1849
1852 1849 1195
834 1195 1850
1195 1852 834
355 6
1853 1854 1855
1854 1845 1853
1855 1853 1850
835 1850 1845
1845 835 1854
1850 1855 835
356 6
1856 1858 1860
1857 836 1858
1858 1857 1856
1859 1860 836
1860 1856 1859
836 1859 1857
357 6
1861 1862 1864
1862 1198 1861
1863 1864 837
1864 1861 1863
837 1863 1198
1198 837 1862
358 6
1865 1866 1867
1866 1863 1865
1867 1865 1857
838 1857 1863
1857 1867 838
1863 838 1866
359 6
1868 1870 1871
1869 839 1870
1870 1869 1868
1871 1868 1200
839 1200 1869
1200 1871 839
360 6
1872 1873 1874
1873 1859 1872
1874 1872 1869
840 1869 1859
1859 840 1873
1869 1874 840
361 6
1875 1877 1547
1876 841 1877
1877 1876 1875
1878 1547 841
841 1878 1876
1547 1875 1878
362 6
1879 1880 1882
1880 1203 1879
1881 1882 842
1882 1879 1881
842 1881 1203
1203 842 1880
363 6
1883 1884 1885
1884 1881 1883
1885 1883 1876
843 1876 1881
1876 1885 843
1881 843 1884
364 6
1886 1888 1207
1887 844 1888
1888 1887 1886
844 1205 1887
1205 1207 844
1207 1886 1205
365 6
1889 1548 1890
1890 1889 1887
845 1887 1878
1548 1878 1889
1878 845 1548
1887 1890 845
366 6
1891 1893 1895
1892 846 1893
1893 1892 1891
1894 1895 846
1895 1891 1894
846 1894 1892
367 6
1896 1890 1897
1897 1896 1892
847 1892 1888
1888 847 1890
1890 1888 1896
1892 1897 847
368 6
1898 1900 1901
1899 848 1900
1900 1899 1898
1901 1898 1209
848 1209 1899
1209 1901 848
369 6
1902 1903 1904
1903 1894 1902
1904 1902 1899
849 1899 1894
1894 849 1903
1899 1904 849
370 6
1905 1907 1909
1906 850 1907
1907 1906 1905
1908 1909 850
1909 1905 1908
850 1908 1906
371 6
1910 1911 1913
1911 1212 1910
1912 1913 851
1913 1910 1912
851 1912 1212
1212 851 1911
372 6
1914 1915 1916
1915 1912 1914
1916 1914 1906
852 1906 1912
1906 1916 852
1912 852 1915
373 6
1917 1919 1920
1918 853 1919
1919 1918 1917
1920 1917 1214
853 1214 1918
1214 1920 853
374 6
1921 1922 1923
1922 1908 1921
1923 1921 1918
854 1918 1908
1908 854 1922
1918 1923 854
375 6
1924 1572 1927
1925 855 1572
1926 1927 855
1927 1924 1926
855 1926 1925
1572 1925 1924
376 6
1928 1223 1930
1929 1930 856
1930 1928 1929
856 1929 1217
1217 856 1223
1223 1217 1928
377 6
1931 1932 1573
1932 1929 1931
857 1925 1929
1573 1931 1925
1925 1573 857
1929 857 1932
378 6
1933 1935 1936
1934 858 1935
1935 1934 1933
1936 1933 1219
858 1219 1934
1219 1936 858
379 6
1937 1938 1939
1938 1926 1937
1939 1937 1934
859 1934 1926
1926 859 1938
1934 1939 859
380 6
1940 1942 1944
1941 860 1942
1942 1941 1940
1943 1944 860
1944 1940 1943
860 1943 1941
381 6
1945 1946 1948
1946 1222 1945
1947 1948 861
1948 1945 1947
861 1947 1222
1222 861 1946
382 6
1949 1950 1951
1950 1947 1949
1951 1949 1941
862 1941 1947
1941 1951 862
1947 862 1950
383 6
1952 1953 1932
1953 1943 1952
863 1930 1943
1930 1932 863
1932 1952 1930
1943 863 1953
384 6
1954 1594 1957
1955 864 1594
1956 1957 864
1957 1954 1956
864 1956 1955
1594 1955 1954
385 6
1958 1232 1960
1959 1960 865
1960 1958 1959
865 1959 1226
1226 865 1232
1232 1226 1958
386 6
1961 1962 1595
1962 1959 1961
866 1955 1959
1595 1961 1955
1955 1595 866
1959 866 1962
387 6
1963 1965 1966
1964 867 1965
1965 1964 1963
1966 1963 1228
867 1228 1964
1228 1966 867
388 6
1967 1968 1969
1968 1956 1967
1969 1967 1964
868 1964 1956
1956 868 1968
1964 1969 868
389 6
1970 1972 1974
1971 869 1972
1972 1971 1970
1973 1974 869
1974 1970 1973
869 1973 1971
390 6
1975 1976 1978
1976 1231 1975
1977 1978 870
1978 1975 1977
870 1977 1231
1231 870 1976
391 6
1979 1980 1981
1980 1977 1979
1981 1979 1971
871 1971 1977
1971 1981 871
1977 871 1980
392 6
1982 1983 1962
1983 1973 1982
872 1960 1973
1960 1962 872
1962 1982 1960
1973 872 1983
393 6
1984 1986 1618
1985 873 1986
1986 1985 1984
1987 1618 873
873 1987 1985
1618 1984 1987
394 6
1988 1989 1991
1989 1235 1988
1990 1991 874
1991 1988 1990
874 1990 1235
1235 874 1989
395 6
1992 1993 1994
1993 1990 1992
1994 1992 1985
875 1985 1990
1985 1994 875
1990 875 1993
396 6
1995 1997 1239
1996 876 1997
1997 1996 1995
876 1237 1996
1237 1239 876
1239 1995 1237
397 6
1998 1619 1999
1999 1998 1996
877 1996 1987
1619 1987 1998
1987 877 1619
1996 1999 877
398 6
2000 2002 2004
2001 878 2002
2002 2001 2000
2003 2004 878
2004 2000 2003
878 2003 2001
399 6
2005 1999 2006
2006 2005 2001
879 2001 1997
1997 879 1999
1999 1997 2005
2001 2006 879
400 6
2007 2009 2010
2008 880 2009
2009 2008 2007
2010 2007 1241
880 1241 2008
1241 2010 880
401 6
2011 2012 2013
2012 2003 2011
2013 2011 2008
881 2008 2003
2003 881 2012
2008 2013 881
402 6
2014 2016 2018
2015 882 2016
2016 2015 2014
2017 2018 882
2018 2014 2017
882 2017 2015
403 6
2019 2020 2022
2020 1244 2019
2021 2022 883
2022 2019 2021
883 2021 1244
1244 883 2020
404 6
2023 2024 2025
2024 2021 2023
2025 2023 2015
884 2015 2021
2015 2025 884
2021 884 2024
405 6
2026 2028 2029
2027 885 2028
2028 2027 2026
2029 2026 1246
885 1246 2027
1246 2029 885
406 6
2030 2031 2032
2031 2017 2030
2032 2030 2027
886 2027 2017
2017 886 2031
2027 2032 886
407 6
2033 2035 2037
2034 887 2035
2035 2034 2033
2036 2037 887
2037 2033 2036
887 2036 2034
408 6
2038 2039 2041
2039 1249 2038
2040 2041 888
2041 2038 2040
888 2040 1249
1249 888 2039
409 6
2042 2043 2044
2043 2040 2042
2044 2042 2034
889 2034 2040
2034 2044 889
2040 889 2043
410 6
2045 2047 2048
2046 890 2047
2047 2046 2045
2048 2045 1251
890 1251 2046
1251 2048 890
411 6
2049 2050 2051
2050 2036 2049
2051 2049 2046
891 2046 2036
2036 891 2050
2046 2051 891
412 6
2052 1176 1173
892 1786 1796
1173 2052 1786
1176 1796 2052
1786 1173 892
1796 892 1176
413 6
2053 1264 1800
893 1798 1254
1254 893 1264
1264 1254 2053
1798 1800 893
1800 2053 1798
414 6
2054 1789 1271
894 1256 1785
1256 1271 894
1271 2054 1256
1785 894 1789
1789 1785 2054
415 6
2055 1692 1335
2056 1335 895
895 2056 1696
1335 2055 2056
1692 1696 2055
1696 895 1692
416 6
2057 2059 1263
2058 896 2059
2059 2058 2057
896 1261 2058
1261 1263 896
1263 2057 1261
417 6
2060 1336 2061
2061 2060 2058
897 2058 2056
1336 2056 2060
2056 897 1336
2058 2061 897
418 6
2062 2064 1792
2063 898 2064
2064 2063 2062
898 1801 2063
1792 2062 1801
1801 1792 898
419 6
2065 2061 2066
2066 2065 2063
899 2063 2059
2059 899 2061
2061 2059 2065
2063 2066 899
420 6
2067 1317 1681
2068 900 1317
900 1685 2068
1317 2068 2067
1681 2067 1685
1685 1681 900
421 6
2069 1272 2071
2070 2071 901
2071 2069 2070
901 2070 1267
1267 901 1272
1272 1267 2069
422 6
2072 2073 1318
2073 2070 2072
902 2068 2070
1318 2072 2068
2068 1318 902
2070 902 2073
423 6
2074 1780 2076
2075 2076 903
2076 2074 2075
903 2075 1788
1780 1788 2074
1788 903 1780
424 6
2077 2078 2073
2078 2075 2077
904 2071 2075
2071 2073 904
2073 2077 2071
2075 904 2078
425 6
2079 1202 1199
905 1871 1880
1199 2079 1871
1202 1880 2079
1871 1199 905
1880 905 1202
426 6
2080 1285 1884
906 1882 1275
1275 906 1285
1285 1275 2080
1882 1884 906
1884 2080 1882
427 6
2081 1874 1292
907 1277 1870
1277 1292 907
1292 2081 1277
1870 907 1874
1874 1870 2081
428 6
2082 1683 1322
2083 1322 908
908 2083 1687
1322 2082 2083
1683 1687 2082
1687 908 1683
429 6
2084 2086 1284
2085 909 2086
2086 2085 2084
909 1282 2085
1282 1284 909
1284 2084 1282
430 6
2087 1323 2088
2088 2087 2085
910 2085 2083
1323 2083 2087
2083 910 1323
2085 2088 910
431 6
2089 2091 1877
2090 911 2091
2091 2090 2089
911 1885 2090
1877 2089 1885
1885 1877 911
432 6
2092 2088 2093
2093 2092 2090
912 2090 2086
2086 912 2088
2088 2086 2092
2090 2093 912
433 6
2094 1300 1670
2095 913 1300
913 1673 2095
1300 2095 2094
1670 2094 1673
1673 1670 913
434 6
2096 1293 2098
2097 2098 914
2098 2096 2097
914 2097 1288
1288 914 1293
1293 1288 2096
435 6
2099 2100 1301
2100 2097 2099
915 2095 2097
1301 2099 2095
2095 1301 915
2097 915 2100
436 6
2101 1860 2103
2102 2103 916
2103 2101 2102
916 2102 1873
1860 1873 2101
1873 916 1860
437 6
2104 2105 2100
2105 2102 2104
917 2098 2102
2098 2100 917
2100 2104 2098
2102 917 2105
438 6
2106 2108 1227
2107 918 2108
2108 2107 2106
918 1966 2107
1227 2106 1966
1966 1227 918
439 6
2109 1302 2111
2110 2111 919
2111 2109 2110
